0 14 0 19 18 8 21 21 8 4
14 0 17 15 17 9 5 19 21 4
0 17 0 11 0 14 14 12 0 6
19 15 11 0 25 12 18 6 7 4
18 17 0 25 0 7 0 14 16 16
8 9 14 12 7 0 22 14 7 4
21 5 14 18 0 22 0 9 7 0
21 19 12 6 14 14 9 0 14 5
8 21 0 7 16 7 7 14 0 18
4 4 6 4 16 4 0 5 18 0